9
10
9
6
8
12
11
4
10
11
8
8
11
11
3
5
3
11
10
10
13
7
11
19
11
16
20
15
14
15
11
19
23
22
21
21
23
24
24
26
25
34
28
32
24
18
31
36
10
11
5
7
20
18
24
19
38
31
8
9
21
13
22
8
2
3
20
22
68
4
1
14
16
20
16
14
14
14
12
20
16
12
16
32
27
25
34
16
19
21
18
16
19
21
20
21
30
13
13
16
20
13
12
17
27
18
20
39
20
25
33
19
34
14
14
16
20
21
0
17
19
16
35
30
33
32
31
18
31
0
31
26
41
41
39
41
26
42
35
14
16
12
39
37
45
50
38
34
42
38
33
39
22
19
21
21
22
14
38
29
34
38
42
43
55
65
0
13
13
46
45
38
39
68
65
30
68
74
91
94
60
55
20
20
16
16
19
28
7
8
16
16
31
28
34
34
28
32
26
21
18
20
12
9
9
32
34
31
30
21
29
25
22
13
0
18
0
16
20
16
15
15
21
21
16
18
9
6
19
17
9
17
18
23
14
0
0
13
12
11
10
10
10
7
0
0
0
12
22
9
26
21
16
0
0
24
11
19
19
14
0
12
8
5
0
7
12
24
30
18
11
16
6
12
7
0
0
8
15
18
16
17
16
17
18
6
0
0
0
8
15
17
1
1
27
45
16
19
23
5
7
7