35
36
34
24
39
55
42
29
40
24
15
29
42
37
8
7
12
31
42
39
45
27
54
81
26
54
49
30
56
64
50
73
63
50
84
97
110
117
112
128
109
125
89
129
86
70
112
132
23
28
15
28
36
53
109
89
93
79
45
47
55
34
66
30
4
4
99
85
236
4
1
63
71
83
79
31
70
53
60
69
53
57
71
117
96
81
95
52
48
49
62
49
39
55
58
119
145
41
73
59
56
51
69
48
62
47
45
176
51
71
117
87
95
30
42
53
125
135
0
166
98
78
227
170
141
84
80
58
79
0
112
104
115
116
174
166
95
106
90
51
57
45
173
160
215
249
125
121
106
99
106
104
81
99
72
89
63
45
110
87
150
120
130
147
230
264
0
34
38
428
437
211
220
261
260
58
243
244
568
576
288
292
83
103
47
57
48
72
24
26
47
46
172
136
148
154
141
162
40
57
59
64
34
26
22
157
159
151
124
58
80
73
79
20
0
29
0
24
30
30
24
63
69
101
63
57
21
19
79
69
18
104
94
87
46
0
0
34
34
36
28
31
25
26
0
0
0
17
55
16
143
112
115
0
0
85
43
73
77
68
0
62
30
11
0
22
70
149
69
66
74
39
51
38
8
0
0
35
55
67
116
124
89
75
89
44
0
0
0
28
80
77
1
1
78
88
65
72
61
10
28
18